1170 3275 1214 3330 216 26 83
1178 3261 1240 3335 187 177 221
1220 3274 1239 3328 6 122 112
1241 3274 1302 3312 26 198 47
2099 3274 2133 3331 0 0 0
2140 3274 2175 3330 0 0 0
296 3100 360 3138 153 154 214
364 3136 371 3156 0 0 0
377 3099 410 3138 26 198 47
413 3100 452 3138 0 7 10
455 3100 494 3138 0 7 10
496 3099 535 3137 187 133 174
513 3082 569 3156 148 92 106
538 3082 577 3137 26 198 47
581 3099 644 3138 6 122 112
670 3099 704 3138 213 208 180
705 3099 744 3137 187 133 174
746 3082 785 3138 212 203 182
748 3082 818 3156 6 122 112
788 3099 850 3156 235 232 231
856 3099 881 3138 38 155 41
911 3099 950 3157 5 65 21
952 3099 985 3138 26 198 47
1012 3100 1083 3155 153 154 214
1091 3099 1100 3108 0 0 0
1131 3100 1179 3155 241 238 107
1142 3099 1212 3157 213 208 180
1189 3099 1223 3138 6 122 112
1223 3100 1278 3138 6 122 112
1281 3099 1315 3138 213 208 180
1288 3099 1344 3157 187 133 174
1316 3099 1355 3137 216 26 83
1359 3099 1403 3157 72 27 70
1427 3082 1466 3138 212 203 182
1471 3099 1504 3138 26 198 47
1507 3100 1546 3138 0 7 10
1516 3082 1586 3157 5 65 21
1550 3099 1589 3157 213 208 180
1592 3099 1626 3138 0 7 10
1627 3099 1691 3148 72 27 70
1717 3082 1756 3138 9 120 199
1758 3099 1797 3137 187 133 174
1772 3082 1814 3157 0 0 0
1802 3136 1809 3156 187 177 221
1814 3100 1858 3157 216 26 83
1864 3099 1889 3138 38 155 41
1910 3082 1932 3157 17 75 99
1941 3099 1978 3138 101 91 117
1982 3099 2021 3137 187 133 174
1993 3082 2049 3157 213 208 180
2026 3099 2060 3138 187 177 221
2061 3100 2081 3157 26 198 47
2085 3099 2118 3138 0 7 10
2121 3099 2185 3148 72 27 70
298 3003 332 3042 213 208 180
333 3003 372 3041 187 133 174
375 3004 414 3041 87 72 76
436 3003 469 3061 241 238 107
436 3003 475 3061 213 208 180
481 3003 515 3042 6 122 112
515 3004 570 3042 6 122 112
539 3003 595 3061 26 198 47
572 3003 605 3042 38 155 41
611 3003 655 3042 0 0 0
390 2907 420 2963 17 75 99
426 2944 433 2964 0 0 0
440 2907 474 2946 213 208 180
476 2907 514 2945 142 162 139
519 2907 553 2946 213 208 180
554 2908 574 2965 187 177 221
580 2907 605 2946 38 155 41
645 2907 684 2965 5 65 21
687 2907 720 2946 26 198 47
723 2907 762 2945 187 133 174
764 2908 803 2945 87 72 76
840 2907 871 2965 6 122 112
840 2908 868 2946 213 208 180
870 2907 926 2965 187 177 221
932 2907 957 2946 38 155 41
962 2907 999 2946 101 91 117
1003 2908 1042 2946 0 7 10
1048 2907 1073 2946 38 155 41
1113 2907 1152 2965 5 65 21
1154 2907 1187 2946 26 198 47
1224 2908 1252 2946 6 122 112
1254 2907 1287 2946 26 198 47
1293 2907 1318 2946 38 155 41
1321 2890 1360 2946 212 203 182
1365 2907 1398 2946 26 198 47
1402 2907 1434 2946 234 226 159
1438 2907 1460 2956 72 27 70
1462 2907 1495 2946 26 198 47
1497 2908 1525 2946 6 122 112
1561 2908 1625 2946 153 154 214
1589 2907 1659 2946 101 91 117
1626 2907 1706 2946 0 7 10
1743 2907 1770 2965 187 177 221
1743 2908 1806 2965 0 7 10
1776 2907 1832 2965 38 155 41
1811 2907 1836 2946 72 27 70
1841 2907 1884 2965 187 177 221
1887 2907 1909 2956 72 27 70
1910 2907 1949 2945 187 133 174
1952 2907 1974 2956 72 27 70
1976 2907 2009 2946 26 198 47
1983 2907 2040 2965 187 133 174
2012 2907 2051 2945 6 122 112
2053 2907 2097 2946 0 0 0
2140 2908 2157 2965 0 0 0
2140 2908 2183 2965 216 26 83
296 2812 360 2850 153 154 214
362 2811 395 2850 26 198 47
428 2811 466 2849 142 162 139
470 2811 507 2850 101 91 117
471 2811 541 2869 187 133 174
510 2811 549 2849 216 26 83
553 2812 572 2869 213 208 180
577 2811 611 2850 187 177 221
612 2811 658 2869 72 27 70
689 2811 728 2869 5 65 21
730 2811 769 2849 187 133 174
800 2801 832 2869 241 238 107
800 2811 839 2869 187 177 221
842 2812 862 2869 26 198 47
867 2811 900 2850 0 7 10
903 2801 959 2850 0 0 0
994 2812 1014 2869 187 177 221
1018 2812 1037 2869 216 26 83
1072 2811 1106 2850 213 208 180
1108 2811 1146 2849 142 162 139
1115 2811 1171 2869 213 208 180
1150 2811 1184 2850 187 177 221
1185 2811 1231 2869 72 27 70
1262 2812 1281 2869 216 26 83
1287 2848 1294 2868 0 0 0
1299 2812 1339 2869 207 153 36
1315 2811 1371 2869 213 208 180
1343 2811 1398 2869 216 26 83
1402 2811 1435 2850 26 198 47
1438 2812 1458 2869 187 177 221
1440 2811 1496 2869 0 7 10
1462 2811 1537 2850 26 198 47
1571 2811 1600 2869 140 184 29
1571 2811 1635 2869 101 91 117
1606 2811 1662 2869 6 122 112
1638 2812 1666 2850 72 27 70
1667 2811 1724 2860 26 198 47
1732 2811 1741 2820 0 0 0
1777 2812 1826 2867 216 26 83
1792 2811 1863 2867 26 198 47
1829 2811 1893 2850 38 155 41
1928 2794 1965 2850 1 84 42
1967 2812 1995 2850 6 122 112
1998 2811 2032 2850 213 208 180
2033 2812 2072 2850 0 7 10
2076 2811 2115 2869 5 65 21
2083 2794 2139 2869 26 198 47
2118 2811 2182 2850 38 155 41
295 2698 334 2754 212 203 182
339 2715 372 2754 26 198 47
374 2716 402 2754 6 122 112
405 2715 430 2754 38 155 41
436 2715 473 2754 101 91 117
477 2716 516 2754 0 7 10
518 2716 557 2754 0 7 10
561 2715 594 2754 26 198 47
600 2715 625 2754 38 155 41
690 2715 727 2773 5 65 21
690 2715 729 2773 101 91 117
731 2715 768 2754 187 177 221
772 2715 834 2773 142 162 139
802 2715 872 2773 26 198 47
838 2715 871 2754 0 7 10
874 2715 938 2764 72 27 70
999 2715 1032 2772 211 225 213
999 2715 1057 2772 72 27 70
1057 2716 1085 2754 6 122 112
1087 2715 1120 2754 26 198 47
1183 2716 1202 2773 216 26 83
1208 2715 1242 2754 213 208 180
1243 2716 1263 2773 187 177 221
1267 2715 1306 2773 5 65 21
1309 2715 1342 2754 26 198 47
1348 2715 1373 2754 38 155 41
1381 2705 1392 2724 0 0 0
1456 2705 1488 2773 6 122 112
1456 2716 1505 2773 187 177 221
1509 2715 1548 2773 5 65 21
1551 2715 1584 2772 10 29 66
1588 2715 1621 2754 26 198 47
1627 2715 1652 2754 38 155 41
1660 2705 1671 2724 0 0 0
1737 2716 1757 2773 187 177 221
1760 2716 1799 2754 0 7 10
1802 2715 1834 2754 234 226 159
1839 2715 1876 2754 101 91 117
1880 2716 1944 2754 153 154 214
1909 2705 1993 2773 153 154 214
1945 2716 2009 2754 101 91 117
2011 2715 2048 2754 5 65 21
2052 2715 2091 2773 26 198 47
2094 2715 2127 2754 38 155 41
2133 2705 2179 2754 0 0 0
297 2603 336 2659 9 120 199
338 2620 377 2658 187 133 174
381 2620 415 2659 213 208 180
416 2621 455 2659 0 7 10
459 2620 498 2678 5 65 21
547 2620 577 2678 26 198 47
547 2620 603 2678 216 26 83
608 2621 627 2678 216 26 83
631 2620 664 2659 26 198 47
670 2620 695 2659 38 155 41
746 2621 810 2659 153 154 214
812 2620 845 2659 26 198 47
893 2603 930 2678 212 203 182
893 2603 932 2659 6 122 112
935 2620 998 2659 26 198 47
1001 2621 1040 2659 0 7 10
1005 2603 1075 2678 213 208 180
1044 2620 1099 2678 187 177 221
1104 2620 1137 2659 26 198 47
1140 2621 1179 2659 0 7 10
1181 2620 1203 2669 72 27 70
1252 2620 1291 2678 5 65 21
1295 2620 1329 2659 213 208 180
1295 2620 1366 2678 0 7 10
1330 2620 1399 2659 38 155 41
1451 2620 1476 2678 216 26 83
1451 2620 1508 2678 26 198 47
1475 2620 1545 2678 187 133 174
1511 2620 1550 2658 6 122 112
1551 2620 1608 2659 38 155 41
1658 2610 1691 2678 241 238 107
1658 2620 1697 2678 6 122 112
1700 2620 1765 2659 213 208 180
1769 2620 1794 2659 38 155 41
1802 2610 1813 2629 0 0 0
1866 2621 1886 2678 0 0 0
1890 2621 1909 2678 216 26 83
1959 2621 1998 2659 0 7 10
2001 2620 2034 2659 26 198 47
2084 2620 2133 2659 153 154 214
2084 2620 2183 2659 26 198 47
297 2524 336 2582 5 65 21
339 2524 372 2581 10 29 66
348 2507 404 2582 212 203 182
374 2507 413 2563 216 26 83
417 2525 436 2582 213 208 180
442 2524 497 2582 187 177 221
503 2524 528 2563 38 155 41
534 2524 568 2563 213 208 180
569 2525 589 2582 187 177 221
592 2524 614 2573 72 27 70
665 2507 704 2563 212 203 182
710 2524 744 2563 213 208 180
748 2524 773 2563 38 155 41
829 2524 861 2582 5 65 21
829 2524 880 2582 0 0 0
887 2524 921 2563 213 208 180
923 2524 961 2562 142 162 139
965 2524 1002 2563 101 91 117
1005 2525 1025 2582 187 177 221
1028 2525 1056 2563 6 122 112
1107 2524 1146 2562 187 133 174
1149 2525 1188 2563 0 7 10
1243 2525 1262 2582 216 26 83
1266 2524 1299 2581 10 29 66
1303 2507 1340 2563 1 84 42
1344 2524 1377 2563 26 198 47
1379 2525 1407 2563 6 122 112
1460 2524 1499 2582 5 65 21
1502 2524 1535 2581 10 29 66
1539 2507 1576 2563 1 84 42
1581 2524 1618 2563 101 91 117
1621 2524 1660 2581 98 50 126
1663 2524 1685 2573 72 27 70
1739 2524 1773 2581 49 229 114
1828 2524 1857 2573 38 155 41
1828 2524 1896 2563 187 133 174
1898 2525 1926 2563 6 122 112
1927 2525 1991 2563 153 154 214
1946 2524 2016 2573 101 91 117
1993 2524 2030 2563 0 7 10
2033 2525 2072 2563 72 27 70
2075 2524 2097 2573 26 198 47
2099 2524 2132 2563 6 122 112
2134 2524 2178 2563 0 0 0
297 2428 328 2486 234 226 159
297 2428 343 2485 0 0 0
349 2428 382 2485 10 29 66
355 2428 411 2486 72 27 70
385 2428 407 2477 213 208 180
410 2428 444 2467 187 177 221
445 2428 490 2486 72 27 70
518 2429 537 2486 216 26 83
543 2428 577 2467 213 208 180
602 2411 641 2467 212 203 182
644 2429 672 2467 6 122 112
674 2428 707 2467 26 198 47
710 2428 749 2466 187 133 174
714 2411 785 2467 142 162 139
752 2428 827 2467 26 198 47
857 2411 896 2467 9 120 199
860 2411 930 2467 187 133 174
898 2428 973 2467 26 198 47
1003 2428 1027 2486 216 26 83
1003 2428 1061 2486 213 208 180
1089 2428 1117 2477 142 162 139
1089 2428 1127 2466 26 198 47
1131 2428 1164 2467 6 122 112
1166 2428 1216 2477 72 27 70
1218 2428 1257 2466 187 133 174
1285 2428 1310 2486 0 7 10
1285 2429 1324 2467 0 0 0
1330 2465 1337 2485 10 29 66
1343 2428 1376 2485 72 27 70
1379 2428 1401 2477 213 208 180
1404 2428 1438 2467 187 177 221
1439 2428 1484 2486 72 27 70
1510 2411 1549 2467 212 203 182
1524 2411 1580 2467 213 208 180
1555 2428 1618 2467 38 155 41
1649 2428 1670 2486 140 184 29
1649 2428 1712 2486 213 208 180
1683 2428 1739 2486 234 226 159
1714 2428 1746 2467 187 177 221
1750 2429 1770 2486 216 26 83
1774 2429 1793 2486 26 198 47
1797 2428 1847 2467 0 0 0
1881 2429 1905 2484 187 177 221
1908 2429 1927 2486 72 27 70
1956 2411 1995 2466 148 92 106
2026 2428 2060 2467 213 208 180
2036 2428 2092 2486 142 162 139
2062 2428 2100 2466 213 208 180
2104 2428 2138 2467 187 177 221
2139 2428 2185 2486 72 27 70
297 2332 336 2390 5 65 21
339 2332 372 2371 26 198 47
378 2332 403 2371 38 155 41
436 2315 458 2390 17 75 99
467 2332 504 2371 101 91 117
508 2333 528 2390 187 177 221
532 2332 565 2371 26 198 47
571 2332 596 2371 38 155 41
640 2332 665 2371 38 155 41
669 2333 689 2390 187 177 221
693 2333 757 2371 153 154 214
714 2315 785 2390 212 203 182
756 2315 795 2371 216 26 83
800 2333 819 2390 26 198 47
823 2332 856 2371 38 155 41
862 2322 907 2371 0 0 0
949 2332 971 2390 72 27 70
949 2332 999 2381 6 122 112
1000 2333 1020 2390 187 177 221
1024 2332 1062 2370 142 162 139
1064 2333 1084 2390 187 177 221
1090 2332 1124 2371 213 208 180
1126 2333 1145 2390 216 26 83
1123 2332 1179 2390 26 198 47
1149 2332 1213 2371 38 155 41
1223 2332 1232 2371 0 0 0
1278 2332 1310 2371 234 226 159
1315 2332 1352 2371 101 91 117
1316 2322 1386 2390 187 133 174
1355 2332 1394 2370 6 122 112
1396 2333 1424 2371 187 177 221
1425 2333 1475 2390 6 122 112
1480 2322 1491 2341 0 0 0
1536 2332 1561 2371 38 155 41
1567 2332 1601 2371 213 208 180
1579 2322 1635 2381 187 133 174
1602 2332 1666 2381 72 27 70
1668 2332 1701 2371 26 198 47
1703 2333 1731 2371 6 122 112
1736 2322 1747 2341 0 0 0
1789 2333 1853 2371 153 154 214
1821 2315 1891 2371 213 208 180
1856 2332 1930 2371 0 7 10
1897 2315 1967 2371 1 84 42
1933 2315 1970 2371 26 198 47
1975 2332 2038 2371 6 122 112
2076 2332 2106 2390 5 65 21
2076 2332 2115 2390 26 198 47
2118 2332 2182 2371 38 155 41
297 2219 334 2275 1 84 42
340 2236 374 2293 16 25 27
375 2236 397 2285 72 27 70
399 2236 432 2275 26 198 47
437 2236 471 2275 213 208 180
472 2236 511 2274 187 133 174
513 2237 552 2274 87 72 76
559 2226 570 2245 0 0 0
614 2236 647 2275 26 198 47
650 2237 714 2275 153 154 214
673 2236 743 2294 241 238 107
714 2236 753 2294 6 122 112
756 2237 784 2275 213 208 180
787 2236 821 2275 38 155 41
825 2236 882 2275 38 155 41
888 2236 921 2275 26 198 47
923 2237 951 2275 6 122 112
990 2237 1009 2294 216 26 83
1014 2236 1048 2275 213 208 180
1085 2219 1124 2275 212 203 182
1129 2236 1162 2275 26 198 47
1167 2236 1201 2275 213 208 180
1202 2236 1241 2274 187 133 174
1282 2236 1321 2294 5 65 21
1324 2236 1361 2275 101 91 117
1330 2236 1400 2294 187 133 174
1365 2236 1404 2274 234 226 159
1407 2236 1477 2275 26 198 47
1519 2236 1552 2285 26 198 47
1519 2236 1577 2285 72 27 70
1614 2219 1653 2275 212 203 182
1659 2236 1693 2275 213 208 180
1693 2237 1721 2275 6 122 112
1723 2237 1753 2294 140 184 29
1750 2236 1789 2274 187 133 174
1791 2237 1855 2275 153 154 214
1821 2219 1891 2294 10 29 66
1857 2236 1927 2293 26 198 47
1968 2236 2007 2294 5 65 21
2010 2236 2043 2275 26 198 47
2084 2237 2148 2275 153 154 214
2150 2236 2184 2275 213 208 180
296 2142 360 2180 153 154 214
319 2131 389 2198 235 232 231
362 2141 395 2198 6 122 112
397 2141 460 2180 26 198 47
469 2131 480 2180 0 0 0
513 2142 577 2180 153 154 214
534 2141 604 2199 213 208 180
580 2141 614 2180 187 177 221
615 2141 666 2199 38 155 41
691 2124 713 2199 17 75 99
724 2178 731 2198 0 0 0
738 2141 772 2180 213 208 180
773 2141 795 2190 72 27 70
796 2141 818 2190 72 27 70
821 2141 855 2180 213 208 180
857 2141 889 2180 234 226 159
893 2142 933 2199 207 153 36
907 2124 963 2199 213 208 180
937 2141 971 2180 187 177 221
972 2141 1023 2199 38 155 41
1054 2124 1093 2180 212 203 182
1097 2142 1116 2199 216 26 83
1094 2124 1150 2199 187 133 174
1120 2141 1189 2180 38 155 41
1222 2141 1261 2199 5 65 21
1264 2141 1297 2180 26 198 47
1326 2124 1365 2180 212 203 182
1336 2124 1392 2199 6 122 112
1367 2142 1395 2180 187 177 221
1396 2142 1458 2199 87 72 76
1490 2141 1524 2180 213 208 180
1525 2141 1564 2179 187 133 174
1567 2142 1606 2179 87 72 76
1635 2124 1669 2199 212 203 182
1635 2124 1697 2199 216 26 83
1675 2124 1731 2199 213 208 180
1703 2141 1737 2180 187 177 221
1738 2142 1758 2199 38 155 41
1764 2141 1789 2180 187 177 221
1793 2142 1813 2199 6 122 112
1815 2141 1872 2180 38 155 41
1907 2141 1932 2180 38 155 41
1936 2141 1958 2190 72 27 70
1959 2141 1998 2179 187 133 174
2002 2141 2041 2199 5 65 21
2043 2142 2063 2199 187 177 221
2067 2141 2100 2180 26 198 47
2103 2141 2142 2179 187 133 174
2145 2142 2184 2179 87 72 76
297 2045 330 2084 26 198 47
333 2045 355 2094 72 27 70
379 2046 443 2084 153 154 214
403 2045 473 2103 211 225 213
445 2045 501 2103 216 26 83
479 2045 536 2103 10 29 66
505 2045 569 2102 38 155 41
597 2028 636 2084 9 120 199
604 2028 674 2084 187 133 174
637 2045 713 2084 26 198 47
732 2028 754 2103 17 75 99
765 2082 772 2102 0 0 0
778 2045 811 2102 10 29 66
813 2028 852 2084 212 203 182
854 2046 882 2084 6 122 112
884 2045 921 2084 101 91 117
925 2045 964 2083 187 133 174
929 2028 999 2103 142 162 139
968 2045 1006 2083 213 208 180
1010 2045 1044 2084 187 177 221
1045 2045 1096 2103 38 155 41
1124 2045 1163 2103 5 65 21
1167 2045 1201 2084 213 208 180
1178 2045 1234 2103 0 7 10
1202 2045 1272 2084 38 155 41
1300 2046 1319 2103 216 26 83
1324 2045 1358 2084 213 208 180
1382 2045 1414 2084 234 226 159
1419 2045 1456 2084 101 91 117
1460 2046 1524 2084 153 154 214
1489 2028 1559 2103 212 203 182
1524 2028 1563 2084 213 208 180
1569 2028 1642 2084 1 84 42
1607 2028 1677 2103 0 7 10
1645 2046 1684 2084 187 177 221
1687 2045 1744 2103 26 198 47
1771 2045 1810 2103 5 65 21
1812 2045 1845 2084 26 198 47
1851 2045 1876 2084 38 155 41
1903 2046 1943 2103 207 153 36
1946 2045 1983 2084 101 91 117
1973 2045 2057 2103 153 154 214
1987 2046 2115 2084 153 154 214
2070 2045 2140 2103 26 198 47
2117 2045 2181 2084 38 155 41
296 1950 360 1988 153 154 214
334 1949 390 2006 98 50 126
361 1949 400 2006 6 122 112
401 1950 429 1988 38 155 41
433 1949 478 1988 0 0 0
522 1950 541 2007 216 26 83
547 1949 581 1988 213 208 180
616 1950 644 1988 6 122 112
646 1949 679 2006 10 29 66
681 1932 720 1988 212 203 182
723 1949 762 1987 187 133 174
733 1932 789 2007 216 26 83
766 1950 785 2007 38 155 41
791 1949 841 2007 187 177 221
845 1949 882 1988 101 91 117
886 1950 925 1988 0 7 10
964 1932 1003 1988 9 120 199
1004 1949 1043 1987 187 133 174
1020 1932 1062 2007 0 0 0
1049 1950 1081 2007 187 177 221
1085 1950 1104 2007 216 26 83
1111 1949 1136 1988 38 155 41
1175 1950 1239 1988 153 154 214
1243 1986 1250 2006 0 0 0
1255 1950 1275 2007 187 177 221
1265 1932 1307 2007 0 7 10
1278 1949 1348 1988 38 155 41
1352 1932 1391 1988 212 203 182
1394 1950 1414 2007 187 177 221
1416 1950 1444 1988 6 122 112
1419 1932 1475 2007 213 208 180
1447 1949 1502 2007 187 177 221
1506 1949 1539 1988 26 198 47
1542 1950 1581 1988 0 7 10
1584 1949 1606 1998 72 27 70
1644 1950 1674 2007 140 184 29
1673 1949 1707 1988 213 208 180
1708 1950 1728 2007 187 177 221
1734 1949 1759 1988 38 155 41
1765 1949 1799 1988 213 208 180
1800 1950 1820 2007 187 177 221
1823 1949 1845 1998 72 27 70
1881 1932 1920 1988 212 203 182
1895 1932 1951 2007 213 208 180
1926 1949 1988 1988 6 122 112
1989 1949 2011 1998 72 27 70
2012 1950 2032 2007 187 177 221
2036 1949 2069 1988 26 198 47
2108 1949 2147 2007 5 65 21
2150 1949 2183 1988 26 198 47
297 1854 316 1911 216 26 83
320 1853 353 1892 26 198 47
356 1853 395 1891 187 133 174
397 1854 425 1892 6 122 112
463 1836 502 1892 212 203 182
504 1854 532 1892 6 122 112
507 1836 563 1911 26 198 47
534 1853 567 1892 38 155 41
573 1853 625 1902 72 27 70
626 1854 646 1911 187 177 221
650 1836 687 1892 1 84 42
692 1853 725 1892 26 198 47
734 1853 743 1892 0 0 0
782 1836 804 1911 17 75 99
813 1853 846 1892 26 198 47
889 1853 921 1892 234 226 159
926 1853 963 1892 101 91 117
966 1854 1005 1892 0 7 10
1009 1854 1039 1911 140 184 29
1037 1853 1074 1892 101 91 117
1077 1854 1116 1892 0 7 10
1081 1853 1151 1911 5 65 21
1120 1853 1159 1911 213 208 180
1163 1853 1197 1892 187 177 221
1198 1853 1249 1911 38 155 41
1292 1854 1311 1911 216 26 83
1315 1853 1348 1892 26 198 47
1391 1853 1430 1911 5 65 21
1432 1853 1465 1910 10 29 66
1469 1836 1506 1892 1 84 42
1511 1853 1548 1892 101 91 117
1517 1836 1587 1911 98 50 126
1552 1853 1615 1910 72 27 70
1657 1853 1691 1892 213 208 180
1657 1853 1691 1892 142 162 139
1693 1853 1731 1891 26 198 47
1734 1853 1803 1892 234 226 159
1846 1836 1864 1911 216 26 83
1846 1854 1879 1911 0 0 0
1885 1853 1918 1892 26 198 47
1924 1853 1949 1892 38 155 41
1952 1836 1991 1892 212 203 182
1959 1836 2016 1911 6 122 112
1994 1854 2022 1892 187 177 221
2022 1853 2068 1911 72 27 70
2108 1853 2147 1911 5 65 21
2150 1853 2183 1892 26 198 47
299 1757 324 1796 38 155 41
329 1757 362 1814 10 29 66
364 1758 392 1796 6 122 112
393 1758 413 1815 187 177 221
417 1757 450 1796 26 198 47
453 1757 492 1795 187 133 174
463 1757 519 1815 87 72 76
495 1757 551 1795 0 0 0
583 1757 613 1813 17 75 99
619 1794 626 1814 0 0 0
632 1757 665 1814 10 29 66
668 1757 690 1806 72 27 70
693 1757 727 1796 213 208 180
728 1758 748 1815 187 177 221
754 1757 779 1796 38 155 41
812 1757 837 1796 38 155 41
842 1758 881 1796 0 7 10
884 1757 921 1796 101 91 117
890 1757 960 1815 241 238 107
924 1757 981 1815 0 0 0
1015 1743 1070 1814 9 120 199
1073 1757 1112 1795 187 133 174
1079 1743 1149 1815 213 208 180
1117 1757 1191 1796 0 7 10
1195 1757 1234 1815 5 65 21
1261 1758 1332 1813 153 154 214
1340 1757 1349 1766 0 0 0
1382 1758 1430 1813 241 238 107
1394 1757 1464 1815 213 208 180
1439 1757 1473 1796 6 122 112
1473 1758 1501 1796 6 122 112
1501 1758 1529 1796 213 208 180
1532 1757 1566 1796 187 133 174
1567 1757 1606 1795 216 26 83
1609 1757 1653 1815 72 27 70
1683 1757 1708 1796 38 155 41
1714 1757 1747 1796 26 198 47
1774 1740 1813 1796 212 203 182
1818 1757 1851 1796 26 198 47
1854 1758 1893 1796 0 7 10
1897 1757 1929 1796 234 226 159
1898 1740 1968 1815 207 153 36
1933 1758 1973 1815 213 208 180
1976 1757 2010 1796 187 177 221
2011 1757 2057 1815 72 27 70
2086 1757 2111 1796 38 155 41
2116 1757 2155 1795 187 133 174
2157 1758 2185 1796 6 122 112
296 1662 360 1700 153 154 214
312 1651 396 1719 101 91 117
362 1661 422 1719 187 177 221
430 1651 441 1670 0 0 0
499 1661 524 1700 38 155 41
529 1661 566 1700 101 91 117
570 1662 609 1700 0 7 10
663 1661 687 1719 38 155 41
663 1661 688 1700 101 91 117
694 1661 731 1700 187 133 174
734 1661 773 1699 140 184 29
777 1662 807 1719 140 184 29
805 1662 852 1719 216 26 83
856 1661 889 1700 26 198 47
941 1662 1005 1700 153 154 214
969 1644 1026 1719 0 0 0
1009 1662 1041 1719 187 177 221
1044 1662 1083 1700 0 7 10
1059 1644 1116 1719 140 184 29
1086 1662 1133 1719 216 26 83
1136 1662 1156 1719 187 177 221
1161 1644 1198 1700 1 84 42
1202 1661 1235 1700 26 198 47
1240 1661 1274 1700 213 208 180
1275 1662 1295 1719 187 177 221
1298 1661 1320 1710 72 27 70
1371 1661 1410 1719 5 65 21
1413 1661 1446 1700 26 198 47
1452 1661 1477 1700 38 155 41
1531 1644 1568 1700 1 84 42
1573 1661 1606 1718 211 225 213
1609 1662 1648 1700 0 7 10
1651 1661 1684 1700 26 198 47
1690 1661 1715 1700 38 155 41
1770 1661 1803 1700 26 198 47
1806 1662 1845 1699 87 72 76
1813 1644 1883 1719 9 120 199
1848 1644 1887 1700 187 133 174
1889 1661 1928 1699 187 177 221
1931 1662 1951 1719 38 155 41
1957 1661 2020 1700 26 198 47
1986 1644 2056 1719 38 155 41
2026 1651 2071 1700 0 0 0
2119 1644 2141 1719 17 75 99
2150 1661 2183 1700 26 198 47
295 1567 323 1605 6 122 112
325 1566 358 1605 26 198 47
332 1549 388 1624 38 155 41
364 1549 431 1605 212 203 182
401 1549 457 1624 187 177 221
435 1567 455 1624 6 122 112
457 1567 485 1605 213 208 180
488 1566 522 1605 187 177 221
523 1566 574 1624 38 155 41
603 1566 637 1605 213 208 180
639 1566 677 1604 142 162 139
650 1566 706 1605 26 198 47
680 1566 749 1605 234 226 159
776 1567 809 1604 161 110 199
782 1566 838 1624 235 232 231
813 1566 846 1623 216 26 83
850 1566 907 1624 26 198 47
933 1567 952 1624 216 26 83
958 1603 965 1623 0 0 0
971 1566 1008 1605 101 91 117
1013 1566 1052 1624 5 65 21
1054 1566 1087 1605 26 198 47
1058 1566 1115 1624 187 133 174
1090 1566 1159 1605 6 122 112
1182 1567 1202 1624 187 177 221
1190 1549 1232 1624 0 7 10
1205 1567 1244 1605 1 84 42
1248 1549 1285 1605 6 122 112
1287 1567 1315 1605 213 208 180
1318 1566 1352 1605 72 27 70
1353 1566 1410 1615 26 198 47
1436 1566 1475 1624 5 65 21
1478 1566 1511 1605 26 198 47
1539 1566 1564 1605 38 155 41
1542 1566 1599 1605 26 198 47
1570 1566 1634 1605 38 155 41
1661 1566 1699 1604 142 162 139
1667 1566 1723 1615 26 198 47
1703 1566 1736 1605 6 122 112
1738 1566 1789 1615 72 27 70
1790 1566 1829 1604 187 133 174
1798 1566 1855 1615 38 155 41
1834 1566 1878 1605 0 0 0
1907 1566 1965 1622 187 133 174
1967 1567 2006 1605 0 7 10
2024 1549 2046 1624 17 75 99
2055 1566 2092 1605 101 91 117
2061 1549 2117 1624 187 133 174
2096 1566 2135 1604 6 122 112
2136 1556 2180 1605 0 0 0
289 1453 311 1528 17 75 99
320 1470 353 1509 26 198 47
386 1470 425 1528 5 65 21
427 1470 460 1527 10 29 66
464 1470 496 1509 234 226 159
501 1470 538 1509 101 91 117
506 1470 576 1528 187 133 174
542 1470 581 1508 142 162 139
585 1470 623 1508 6 122 112
624 1471 652 1509 187 177 221
653 1470 704 1528 38 155 41
737 1470 776 1508 187 133 174
779 1471 818 1509 0 7 10
821 1470 854 1509 26 198 47
886 1471 906 1528 187 177 221
909 1471 948 1509 0 7 10
921 1453 977 1528 38 155 41
954 1470 979 1509 234 226 159
984 1470 1016 1509 6 122 112
1019 1471 1068 1528 187 177 221
1070 1453 1109 1509 212 203 182
1113 1470 1135 1519 72 27 70
1136 1471 1156 1528 187 177 221
1160 1470 1197 1509 101 91 117
1201 1471 1240 1509 0 7 10
1270 1470 1295 1519 72 27 70
1270 1470 1332 1519 101 91 117
1308 1470 1364 1519 187 133 174
1335 1470 1374 1508 72 27 70
1377 1470 1434 1519 26 198 47
1467 1470 1489 1528 140 184 29
1467 1471 1520 1528 6 122 112
1523 1470 1557 1509 213 208 180
1556 1471 1581 1527 76 119 107
1582 1470 1614 1509 234 226 159
1592 1470 1648 1528 207 153 36
1618 1470 1694 1528 26 198 47
1729 1470 1752 1509 38 155 41
1729 1470 1754 1509 187 133 174
1758 1470 1827 1509 6 122 112
1857 1471 1876 1528 216 26 83
1880 1470 1913 1509 26 198 47
1945 1471 2009 1509 153 154 214
1972 1470 2042 1509 187 133 174
2009 1470 2078 1509 6 122 112
2108 1470 2147 1528 5 65 21
2150 1470 2183 1509 26 198 47
297 1375 316 1432 216 26 83
322 1411 329 1431 0 0 0
334 1375 383 1449 10 29 66
351 1364 418 1449 234 226 159
386 1374 418 1413 101 91 117
423 1374 460 1413 216 26 83
465 1375 484 1432 26 198 47
488 1364 539 1413 0 0 0
565 1357 587 1432 17 75 99
596 1374 629 1413 26 198 47
659 1375 723 1413 153 154 214
727 1411 734 1431 0 0 0
741 1374 775 1413 213 208 180
775 1357 814 1413 212 203 182
816 1357 855 1413 212 203 182
858 1375 886 1413 6 122 112
888 1374 925 1413 101 91 117
893 1357 960 1432 234 226 159
930 1374 962 1413 207 153 36
966 1375 1006 1432 213 208 180
1009 1374 1064 1432 187 177 221
1095 1374 1118 1423 26 198 47
1095 1374 1153 1423 72 27 70
1183 1375 1202 1432 216 26 83
1205 1374 1244 1412 187 133 174
1249 1374 1274 1413 38 155 41
1285 1374 1294 1413 0 0 0
1332 1378 1366 1409 0 0 0
1398 1375 1447 1430 216 26 83
1450 1374 1483 1413 26 198 47
1512 1357 1551 1413 212 203 182
1555 1374 1588 1431 235 232 231
1590 1375 1618 1413 6 122 112
1620 1374 1653 1413 26 198 47
1683 1375 1731 1430 241 238 107
1701 1374 1768 1432 213 208 180
1741 1374 1775 1413 6 122 112
1775 1375 1830 1413 6 122 112
1833 1374 1867 1413 213 208 180
1843 1374 1893 1432 187 133 174
1868 1374 1907 1412 216 26 83
1911 1374 1955 1432 72 27 70
1984 1374 2017 1413 26 198 47
1984 1374 2052 1423 38 155 41
2023 1374 2074 1423 72 27 70
2103 1374 2142 1412 187 133 174
2144 1375 2183 1413 0 7 10
297 1278 329 1317 234 226 159
334 1278 371 1317 101 91 117
341 1278 411 1317 0 7 10
375 1278 430 1317 0 0 0
463 1282 497 1314 0 0 0
525 1279 596 1334 153 154 214
555 1278 625 1334 101 91 117
600 1278 680 1317 0 7 10
707 1278 739 1317 234 226 159
708 1278 791 1317 81 57 67
745 1278 799 1317 187 133 174
803 1278 872 1317 6 122 112
895 1278 930 1336 241 238 107
895 1278 934 1336 213 208 180
940 1278 974 1317 72 27 70
975 1278 997 1327 72 27 70
998 1278 1041 1336 187 177 221
1044 1278 1066 1327 72 27 70
1093 1278 1127 1335 49 229 114
1154 1278 1179 1317 38 155 41
1184 1278 1217 1317 26 198 47
1242 1279 1270 1317 6 122 112
1272 1278 1309 1317 101 91 117
1313 1279 1377 1317 153 154 214
1337 1261 1407 1317 212 203 182
1377 1261 1416 1317 6 122 112
1418 1279 1446 1317 26 198 47
1448 1268 1499 1317 0 0 0
1529 1279 1548 1336 216 26 83
1553 1278 1587 1317 213 208 180
1615 1278 1640 1317 38 155 41
1644 1278 1666 1327 72 27 70
1667 1278 1706 1316 187 133 174
1708 1261 1747 1317 212 203 182
1752 1278 1785 1317 26 198 47
1788 1278 1827 1316 187 133 174
1828 1279 1856 1317 6 122 112
1880 1279 1944 1317 153 154 214
1946 1278 1979 1317 26 198 47
2006 1278 2038 1317 234 226 159
2043 1279 2062 1336 216 26 83
2067 1278 2104 1317 101 91 117
2107 1278 2146 1316 187 133 174
2151 1278 2185 1317 213 208 180
299 1182 324 1221 38 155 41
328 1182 367 1220 187 133 174
369 1183 397 1221 6 122 112
421 1165 451 1240 212 203 182
421 1165 460 1221 216 26 83
464 1183 483 1240 213 208 180
488 1182 522 1221 234 226 159
524 1182 556 1221 26 198 47
561 1172 612 1221 0 0 0
635 1165 657 1240 17 75 99
668 1219 675 1239 0 0 0
682 1182 716 1221 213 208 180
718 1182 756 1220 142 162 139
727 1165 784 1240 213 208 180
761 1182 795 1221 187 177 221
796 1182 847 1240 38 155 41
874 1165 913 1221 212 203 182
918 1182 951 1221 26 198 47
925 1165 983 1221 187 133 174
954 1182 993 1220 6 122 112
994 1182 1037 1221 0 0 0
1071 1186 1105 1217 0 0 0
1134 1182 1185 1239 234 226 159
1152 1182 1223 1239 101 91 117
1190 1182 1269 1221 0 7 10
1299 1172 1323 1218 0 0 0
1299 1172 1352 1218 0 0 0
1383 1165 1415 1221 35 26 182
1421 1182 1455 1221 213 208 180
1480 1182 1514 1221 0 7 10
1480 1182 1555 1221 26 198 47
1581 1165 1620 1221 212 203 182
1625 1182 1662 1221 101 91 117
1626 1165 1698 1240 187 133 174
1665 1182 1704 1220 142 162 139
1708 1182 1746 1220 213 208 180
1751 1182 1785 1221 187 177 221
1786 1182 1831 1240 72 27 70
1857 1182 1890 1239 211 225 213
1860 1182 1918 1239 72 27 70
1893 1182 1943 1231 6 122 112
1945 1182 1978 1221 26 198 47
2005 1165 2044 1221 9 120 199
2046 1182 2085 1220 187 133 174
2091 1219 2098 1239 0 0 0
2103 1182 2142 1220 187 133 174
2144 1183 2183 1221 0 7 10
297 1086 336 1144 5 65 21
339 1086 372 1125 26 198 47
412 1086 444 1125 234 226 159
449 1086 482 1125 26 198 47
488 1086 513 1125 38 155 41
557 1090 591 1121 0 0 0
632 1086 664 1144 142 162 139
632 1086 670 1124 187 177 221
673 1087 716 1144 216 26 83
722 1086 756 1125 213 208 180
757 1087 777 1144 187 177 221
780 1087 819 1125 0 7 10
824 1086 849 1125 38 155 41
890 1087 954 1125 153 154 214
916 1086 986 1135 101 91 117
956 1086 993 1125 72 27 70
997 1086 1048 1135 38 155 41
1091 1090 1125 1122 0 0 0
1167 1069 1206 1125 9 120 199
1175 1069 1245 1144 187 133 174
1208 1086 1270 1144 187 177 221
1310 1069 1347 1125 1 84 42
1349 1087 1377 1125 6 122 112
1379 1086 1416 1125 101 91 117
1392 1069 1448 1144 187 133 174
1420 1086 1459 1124 187 177 221
1462 1087 1505 1144 216 26 83
1509 1087 1528 1144 216 26 83
1533 1086 1567 1125 213 208 180
1568 1087 1588 1144 187 177 221
1592 1086 1625 1125 26 198 47
1628 1087 1667 1125 0 7 10
1670 1086 1692 1135 72 27 70
1730 1086 1769 1144 5 65 21
1735 1086 1805 1144 213 208 180
1773 1086 1807 1125 0 7 10
1808 1086 1878 1125 38 155 41
1919 1086 1945 1144 216 26 83
1919 1086 1975 1144 26 198 47
1981 1086 2006 1125 38 155 41
2046 1086 2085 1144 241 238 107
2057 1086 2113 1144 213 208 180
2091 1086 2125 1125 38 155 41
2129 1086 2181 1125 0 0 0
297 992 327 1049 140 184 29
325 991 362 1030 101 91 117
365 992 404 1030 0 7 10
408 991 447 1049 5 65 21
452 991 477 1030 38 155 41
530 991 569 1049 5 65 21
571 991 610 1029 187 133 174
661 991 702 1049 142 162 139
661 991 740 1030 101 91 117
708 991 778 1049 234 226 159
745 991 777 1030 213 208 180
783 991 817 1030 241 238 107
817 991 856 1049 187 133 174
859 991 898 1029 216 26 83
902 992 921 1049 213 208 180
926 991 981 1049 187 177 221
984 992 1012 1030 6 122 112
1013 991 1046 1030 26 198 47
1098 991 1131 1030 26 198 47
1134 991 1156 1040 72 27 70
1206 974 1245 1030 9 120 199
1247 991 1286 1029 187 133 174
1292 1028 1299 1048 0 0 0
1304 991 1343 1029 187 133 174
1345 992 1384 1030 0 7 10
1436 991 1469 1049 26 198 47
1436 991 1469 1030 0 7 10
1472 992 1511 1030 140 184 29
1515 991 1578 1049 213 208 180
1544 991 1615 1049 0 7 10
1579 991 1642 1040 72 27 70
1690 991 1729 1049 241 238 107
1733 992 1753 1049 187 177 221
1757 991 1790 1030 26 198 47
1793 992 1832 1030 0 7 10
1884 991 1912 1049 10 29 66
1884 991 1940 1049 216 26 83
1944 991 1977 1030 26 198 47
1981 991 2019 1029 142 162 139
2023 991 2056 1048 10 29 66
2107 991 2140 1030 0 7 10
2107 991 2182 1030 26 198 47
295 896 323 934 6 122 112
325 895 358 934 26 198 47
361 896 400 934 0 7 10
403 895 435 934 234 226 159
440 895 477 934 101 91 117
443 895 513 944 0 7 10
481 895 545 944 72 27 70
545 896 573 934 6 122 112
575 895 608 934 26 198 47
658 878 680 953 17 75 99
690 895 724 934 213 208 180
725 896 789 934 153 154 214
747 878 817 953 213 208 180
792 895 826 934 187 177 221
827 895 878 953 38 155 41
888 885 899 934 0 0 0
960 895 992 934 234 226 159
997 895 1034 934 101 91 117
1003 895 1073 944 187 133 174
1038 895 1077 933 6 122 112
1079 895 1129 944 72 27 70
1186 895 1218 944 26 198 47
1186 895 1244 944 72 27 70
1298 885 1329 953 241 238 107
1298 895 1367 953 6 122 112
1342 885 1398 953 187 133 174
1368 895 1407 933 72 27 70
1410 895 1469 944 213 208 180
1439 885 1495 953 216 26 83
1471 885 1508 953 0 0 0
1568 896 1588 953 187 177 221
1592 896 1611 953 216 26 83
1670 895 1704 934 213 208 180
1706 895 1744 933 142 162 139
1708 895 1779 953 213 208 180
1749 895 1783 934 187 177 221
1784 895 1829 953 72 27 70
1885 896 1904 953 216 26 83
1910 932 1917 952 0 0 0
1909 895 1951 953 207 153 36
1922 896 1962 953 101 91 117
1965 895 2002 934 6 122 112
2005 896 2060 934 6 122 112
2061 896 2081 953 187 177 221
2083 895 2122 953 241 238 107
2127 896 2146 953 216 26 83
2150 895 2183 934 26 198 47
299 799 324 838 38 155 41
328 800 348 857 187 177 221
352 800 416 838 153 154 214
378 782 448 857 212 203 182
415 782 454 838 216 26 83
459 800 501 857 187 177 221
505 799 537 838 234 226 159
541 800 561 857 187 177 221
565 799 587 848 72 27 70
589 799 622 856 10 29 66
664 799 703 857 5 65 21
706 799 739 838 26 198 47
745 799 770 838 38 155 41
812 799 851 857 241 238 107
820 799 890 857 211 225 213
856 799 914 856 72 27 70
916 799 949 838 26 198 47
955 799 980 838 38 155 41
1024 799 1057 856 10 29 66
1061 800 1080 857 216 26 83
1084 799 1117 856 10 29 66
1120 800 1184 838 153 154 214
1145 799 1215 857 26 198 47
1186 799 1219 838 0 7 10
1222 800 1261 838 72 27 70
1264 799 1286 848 213 208 180
1289 799 1344 857 187 177 221
1346 800 1374 838 6 122 112
1376 799 1409 838 26 198 47
1415 799 1440 838 38 155 41
1449 799 1458 808 0 0 0
1505 799 1547 857 234 226 159
1505 799 1569 856 0 0 0
1575 799 1608 856 10 29 66
1611 799 1633 848 72 27 70
1636 799 1670 838 213 208 180
1671 800 1691 857 187 177 221
1695 799 1717 848 72 27 70
1757 799 1796 857 5 65 21
1799 799 1832 856 10 29 66
1828 782 1850 857 17 75 99
1860 799 1894 856 49 229 114
1934 799 1956 848 72 27 70
1956 800 1984 838 6 122 112
1986 799 2023 838 101 91 117
2026 782 2065 838 212 203 182
2108 799 2142 857 5 65 21
2108 799 2183 857 26 198 47
297 704 316 761 216 26 83
322 740 329 760 0 0 0
336 703 370 742 213 208 180
372 703 410 741 142 162 139
389 703 446 761 101 91 117
414 703 451 742 187 177 221
455 704 505 761 6 122 112
543 704 562 761 216 26 83
565 703 604 741 187 133 174
612 703 621 742 0 0 0
659 686 681 761 17 75 99
690 703 723 742 26 198 47
762 704 826 742 153 154 214
791 703 847 761 0 0 0
830 704 862 761 187 177 221
865 704 904 742 0 7 10
907 703 929 752 72 27 70
931 703 964 742 26 198 47
966 704 994 742 6 122 112
995 703 1034 761 5 65 21
1036 704 1056 761 187 177 221
1062 703 1087 742 38 155 41
1129 703 1168 761 5 65 21
1170 703 1203 742 26 198 47
1244 704 1263 761 216 26 83
1267 703 1300 742 26 198 47
1338 686 1377 742 212 203 182
1379 704 1407 742 6 122 112
1409 703 1446 742 101 91 117
1450 704 1489 742 0 7 10
1493 703 1530 742 101 91 117
1496 686 1566 742 0 7 10
1533 704 1572 742 234 226 159
1576 703 1608 742 26 198 47
1613 703 1646 742 6 122 112
1648 693 1692 742 0 0 0
1734 704 1764 761 140 184 29
1761 703 1800 760 98 50 126
1773 703 1829 761 72 27 70
1803 703 1849 752 0 0 0
1855 703 1887 742 234 226 159
1892 703 1925 742 26 198 47
1966 703 2000 760 49 229 114
2038 703 2076 741 142 162 139
2042 703 2113 761 101 91 117
2080 703 2117 742 187 177 221
2120 704 2182 761 87 72 76
295 607 334 665 241 238 107
305 607 375 665 213 208 180
340 607 403 646 38 155 41
410 607 435 646 38 155 41
441 607 474 646 26 198 47
482 607 491 616 0 0 0
534 607 585 664 234 226 159
589 607 622 646 26 198 47
661 607 693 646 234 226 159
662 607 732 665 213 208 180
699 607 733 646 140 184 29
735 607 798 665 213 208 180
798 608 826 646 6 122 112
828 607 867 665 5 65 21
906 607 940 646 213 208 180
942 607 974 646 234 226 159
979 607 1011 646 234 226 159
1014 608 1042 646 6 122 112
1043 607 1080 646 101 91 117
1085 607 1117 646 234 226 159
1089 607 1159 665 207 153 36
1121 607 1197 665 10 29 66
1237 607 1271 664 49 229 114
1308 608 1327 665 216 26 83
1332 607 1366 646 213 208 180
1402 608 1466 646 153 154 214
1425 597 1495 665 187 133 174
1467 607 1506 645 6 122 112
1508 608 1536 646 213 208 180
1539 607 1573 646 187 177 221
1574 608 1594 665 216 26 83
1598 608 1640 665 216 26 83
1644 607 1677 646 26 198 47
1684 597 1695 616 0 0 0
1729 590 1751 665 17 75 99
1760 607 1793 646 26 198 47
1831 608 1870 646 0 7 10
1874 607 1907 646 26 198 47
1946 607 1984 645 142 162 139
1950 607 2020 665 101 91 117
1988 607 2025 646 187 133 174
2029 607 2068 645 216 26 83
2071 608 2090 665 213 208 180
2095 607 2129 646 187 177 221
2130 607 2182 665 38 155 41
295 495 334 551 212 203 182
340 512 374 551 213 208 180
378 512 403 551 38 155 41
491 495 534 570 9 120 199
491 495 570 551 187 133 174
576 513 608 570 187 177 221
612 513 631 570 216 26 83
717 513 781 551 153 154 214
783 512 816 551 26 198 47
905 512 935 569 38 155 41
905 512 970 551 213 208 180
971 512 1010 550 187 133 174
1013 512 1035 561 72 27 70
1038 512 1072 569 16 25 27
1073 512 1095 561 72 27 70
1180 512 1219 570 5 65 21
1223 512 1257 551 213 208 180
1258 513 1297 551 0 7 10
1302 512 1327 551 38 155 41
1415 513 1434 570 216 26 83
1440 512 1474 551 213 208 180
1556 512 1599 570 241 238 107
1556 512 1637 570 101 91 117
1641 512 1680 550 187 133 174
1683 512 1715 551 234 226 159
1719 513 1759 570 207 153 36
1762 512 1795 551 26 198 47
1880 495 1919 551 212 203 182
1923 512 1960 551 101 91 117
1964 512 2003 550 187 133 174
2005 513 2033 551 6 122 112
2119 512 2145 551 38 155 41
2119 512 2183 551 26 198 47
296 417 360 455 153 154 214
313 399 397 474 10 29 66
362 416 420 473 72 27 70
423 416 457 455 213 208 180
458 417 522 455 153 154 214
474 399 558 474 101 91 117
524 416 561 455 6 122 112
564 399 630 455 212 203 182
600 399 670 474 207 153 36
634 416 714 474 101 91 117
720 416 745 455 38 155 41
751 416 784 455 26 198 47
786 417 814 455 6 122 112
903 416 937 455 213 208 180
938 416 977 454 187 133 174
1068 417 1098 474 140 184 29
1096 416 1133 455 101 91 117
1136 417 1175 455 0 7 10
1179 416 1218 474 5 65 21
1307 416 1346 474 5 65 21
1349 416 1382 455 26 198 47
1472 416 1531 455 153 154 214
1472 416 1573 455 213 208 180
1661 399 1698 455 1 84 42
1703 416 1740 455 101 91 117
1743 417 1771 455 6 122 112
1772 399 1809 455 1 84 42
1814 416 1847 455 26 198 47
1938 416 1971 455 26 198 47
1974 417 2013 455 0 7 10
2102 416 2140 455 187 133 174
2102 416 2183 455 0 7 10
297 320 329 359 234 226 159
334 321 353 378 216 26 83
358 320 392 359 213 208 180
393 321 413 378 187 177 221
415 321 443 359 6 122 112
445 320 482 359 101 91 117
486 321 525 359 0 7 10
527 321 566 359 0 7 10
570 320 603 359 26 198 47
583 320 653 378 153 154 214
606 321 670 359 26 198 47
672 320 705 359 0 7 10
708 320 772 369 72 27 70
816 320 847 378 0 7 10
816 321 855 359 101 91 117
859 320 896 359 187 177 221
899 321 949 378 6 122 112
955 320 964 329 0 0 0
1017 320 1054 377 38 155 41
1061 321 1081 378 187 177 221
1120 303 1142 378 17 75 99
1151 320 1184 359 26 198 47
1231 321 1261 378 140 184 29
1260 320 1294 359 213 208 180
1295 321 1315 378 187 177 221
1321 320 1346 359 38 155 41
1353 320 1387 359 213 208 180
1388 321 1408 378 187 177 221
1414 320 1439 359 38 155 41
1489 320 1514 359 38 155 41
1520 320 1553 359 26 198 47
1556 321 1620 359 153 154 214
1579 320 1649 378 241 238 107
1620 320 1682 378 216 26 83
1687 320 1721 359 213 208 180
1722 321 1761 359 0 7 10
1764 320 1786 369 72 27 70
1831 320 1870 378 5 65 21
1873 320 1906 359 26 198 47
1952 321 1991 359 0 7 10
1995 320 2028 359 26 198 47
2073 303 2106 359 212 203 182
2073 303 2112 359 213 208 180
2118 320 2181 359 38 155 41
